11 5
</s> 0.080054 0.088388 -0.076605 -0.065561 0.027332 
the 0.062996 0.019557 0.010418 -0.071500 0.048775 
cat -0.088257 0.024621 -0.011941 -0.016992 -0.065821 
ran -0.037025 0.046277 0.070201 0.069118 0.043605 
dog 0.021513 -0.085327 -0.072005 0.113713 0.086041 
to 0.061619 -0.011789 0.082722 -0.006583 0.017414 
on -0.002603 -0.058078 0.031063 -0.025874 -0.075842 
sat 0.096572 0.088804 -0.021117 -0.003819 0.012413 
mat -0.074371 -0.082706 0.092609 0.005367 -0.049161 
a -0.066027 -0.069366 0.038873 0.011281 0.030831 
bed -0.084864 -0.076851 0.001786 0.025912 0.055500 
